1
2
3
4
5
6
7
9
10
15
16
17
18
19
23
26
28
29
30
31
33
34
36
39
41
42
43
46
50
51
54
56
57
58
59
62
63
65
66
70
72
73
74
75
76
77
83
84
85
89
90
91
92
93
94
95
96
98
99
100
101
102
105
106
107
108
109
110
112
113
115
116
118
120
121
125
126
129
131
132
133
134
135
136
137
140
141
142
143
147
148
149
151
152
153
157
158
159
160
161
162
163
165
167
170
171
172
174
175
176
179
180
183
184
186
187
188
189
190
193
194
195
196
197
198
199
200
201
202
204
205
207
208
209
210
211
212
215
216
217
219
221
224
227
229
230
231
232
233
234
236
239
244
245
246
247
248
249
251
252
255
258
259
260
261
263
264
266
268
270
272
274
275
276
277
280
281
282
283
284
285
286
287
288
289
290
293
294
295
296
297
299
300
303
304
305
307
308
311
312
313
314
315
316
318
319
322
327
328
330
332
333
335
336
337
339
342
343
345
346
347
348
350
351
357
359
360
361
362
363
364
365
366
370
371
372
373
374
375
376
377
378
379
382
385
386
387
388
389
390
392
393
394
395
396
397
399
402
404
405
406
408
409
411
413
414
418
419
420
422
423
424
425
426
427
428
430
431
432
433
434
435
436
437
438
439
440
441
442
443
444
445
446
447
448
449
450
451
453
454
455
456
459
460
461
462
463
464
465
466
469
470
471
472
473
474
475
476
477
478
480
483
486
487
488
489
490
491
492
493
494
495
496
498
499
500
501
502
503
504
505
507
510
511
512
513
514
516
518
520
521
522
524
526
528
529
530
531
532
534
535
537
540
541
542
545
547
548
549
550
553
554
555
556
557
558
559
560
561
563
564
565
570
571
572
573
574
576
577
578
579
581
582
583
585
587
588
589
591
592
594
595
596
597
599
602
603
604
606
607
608
610
614
616
617
618
619
624
625
626
627
628
629
630
631
634
635
636
638
639
642
643
644
645
646
647
648
649
650
651
652
653
655
656
657
659
661
663
664
665
666
667
668
669
672
673
674
676
677
678
679
680
684
689
691
692
694
695
696
697
698
700
701
703
704
706
707
709
710
711
712
713
714
715
716
717
718
720
722
723
724
726
729
731
732
733
734
735
737
738
739
740
742
743
755
757
758
759
762
764
766
768
770
771
772
773
774
775
776
777
778
781
786
787
788
789
790
792
793
794
795
797
800
807
808
809
810
811
812
814
815
816
818
820
821
822
824
826
827
828
831
832
833
834
835
837
838
840
842
843
844
845
847
848
849
850
851
852
853
854
855
856
857
859
860
861
862
863
864
865
866
867
868
870
871
872
873
874
876
877
878
879
880
881
882
884
886
889
890
892
893
894
897
898
900
901
904
905
906
911
915
916
917
920
921
922
924
925
926
927
928
929
930
931
934
939
940
941
944
945
946
948
950
953
954
955
956
959
960
963
966
967
969
970
972
973
974
975
976
977
978
979
980
981
982
983
988
989
990
991
992
993
994
995
996
1000
1001
1003
1004
1005
1007
1008
1009
1010
1014
1017
1019
1021
1022
1025
1026
1027
1028
1029
1033
1042
1043
1046
1047
1049
1050
1052
1053
1054
1055
1056
1059
1060
1061
1062
1063
1064
1066
1067
1069
1070
1071
1072
1073
1075
1076
1077
1078
1079
1080
1081
1084
1085
1086
1087
1088
1090
1091
1092
1094
1096
1098
1099
1100
1101
1102
1103
1107
1108
1109
1110
1111
1112
1113
1114
1115
1116
1117
1119
1123
1124
1125
1126
1127
1128
1129
1130
1131
1132
1135
1136
1137
1139
1141
1145
1149
1150
1152
1153
1154
1156
1157
1158
1159
1161
1162
1163
1166
1167
1168
1169
1171
1175
1176
1177
1180
1181
1183
1185
1186
1187
1192
1193
1195
1201
1202
1203
1205
1206
1209
1210
1211
1212
1213
1216
1217
1220
1221
1222
1224
1225
1226
1227
1228
1229
1230
1232
1233
1236
1237
1238
1240
1241
1242
1244
1245
1249
1252
1255
1256
1257
1259
1261
1262
1263
1264
1265
1266
1269
1273
1274
1275
1276
1277
1279
1280
1281
1284
1286
1287
1288
1289
1290
1292
1293
1294
1295
1296
1297
1299
1300
1301
1302
1303
1304
1305
1306
1307
1309
1310
1312
1313
1316
1318
1319
1320
1321
1322
1324
1325
1328
1330
1332
1334
1335
1336
1338
1340
1341
1345
1346
1347
1348
1349
1350
1351
1352
1353
1354
1355
1357
1358
1359
1362
1364
1366
1367
1371
1372
1373
1374
1375
1376
1377
1379
1380
1381
1382
1384
1386
1387
1389
1390
1391
1392
1393
1394
1395
1396
1397
1398
1399
1401
1402
1403
1404
1405
1406
1408
1409
1411
1413
1414
1415
1416
